3

20192002 电子电路与系统基础（1） 2019 2 2 8
0 20190001 95
0 20190002 86
0 20190003 83
0 20190004 93
0 20190005 91
0 20180004 81
0 20180005 89
9 20192392 90

20202003 计算机程序设计基础（2） 2020 2 3 7
0 20190001 89
0 20190002 91
0 20190003 90
0 20190004 87
0 20190005 80
0 20180003 89
9 20192392 90

20202004 信号与系统 2020 2 4 10
0 20190001 95
0 20190002 86
0 20190003 83
0 20190004 93
0 20190005 91
0 20180001 93
0 20180002 95
0 20180003 85
9 20192392 92
1 20181002 88


1

20201104 数据结构 2020 1 4 8
1 20191001 92
1 20191002 95
1 20191003 82
1 20191004 81
1 20191005 100
1 20181002 89
1 20181003 85
0 20180002 90


0


0


0


0


0


0


0


0


