10 65712949
电子工程系
0 0000
10
20180001 ABA 2018 0
20180002 ABB 2018 0
20180005 ABE 2018 1
20180003 ABC 2018 0
20180004 ABD 2018 1
20190001 AAA 2019 0
20190004 AAD 2019 1
20190005 AAE 2019 0
20190002 AAB 2019 0
20190003 AAC 2019 1
计算机系  
1 1111
10
20181001 BBA 2018 0
20181002 BBB 2018 0
20181003 BBC 2018 0
20181004 BBD 2018 1
20181005 BBE 2018 1
20191001 BAA 2019 0
20191002 BAB 2019 0
20191003 BAC 2019 1
20191004 BAD 2019 0
20191005 BAE 2019 1
自动化系  
2 2222
0
软件学院  
3 333
0
数学科学系
4 4444
0
物理系   
5 5555
0
天文系   
6 6666
0
化学系   
7 7777
0
生命学院  
8 8888
0
航天航空学院
9 9999
1
20192392 LTA 2019 0
